8.6600 1.9649547
25.8600 1.9930954
93.8000 1.8523919
111.0000 1.7099296
161.7400 1.8383216
178.9400 1.7239999
229.6800 1.6835477
246.8800 1.7380703
314.8200 1.6272663
382.7600 1.5709849
399.9600 1.4848040
467.9000 1.4707336
535.8400 1.4021407
603.7800 1.3740000
620.9800 1.2755075
688.9200 1.2614371
739.6600 1.1928442
756.8600 1.1770150
807.6000 1.1224924
824.8000 1.1506331
842.0000 1.0644522
892.7400 1.0521407
909.9400 1.0503819
960.6800 1.0099296
977.8800 1.0081708
995.8000 0.9237487
1012.2800 0.7549045
1029.4800 0.6142010



