-7.6800 -1.2895778
8.6600 -1.9649547
9.5200 -1.0644522
25.8600 -1.9930954
43.0600 -1.6817889
59.4000 -1.1224924
60.2600 -1.3740000
76.6000 -1.6835477
77.4600 -1.1207336
93.8000 -1.8523919
111.0000 -1.7099296
127.3400 -1.0380703
128.2000 -1.4003819
144.5400 -1.6413366
145.4000 -1.0644522
161.7400 -1.8383216
178.9400 -1.7239999
196.1400 -1.4988743
212.4800 -1.3194773
213.3400 -1.1629447
229.6800 -1.6835477
246.8800 -1.7380703
264.0800 -1.4566633
280.4200 -1.1787738
281.2800 -1.1770150
297.6200 -1.4162110
314.8200 -1.6272663
332.0200 -1.5270150
349.2200 -1.2192261
365.5600 -1.4584221
382.7600 -1.5709849
399.9600 -1.4848040
417.1600 -1.2614371
433.5000 -1.1506331
434.3600 -1.0081708
450.7000 -1.4021407
467.9000 -1.4707336
485.1000 -1.2614371
501.4400 -1.1224924
518.6400 -1.2631959
535.8400 -1.4021407
553.0400 -1.3177185
570.2400 -1.0644522
586.5800 -1.2350552
603.7800 -1.3740000
620.9800 -1.2755075
638.1800 -1.0363115
671.7200 -1.2069145
688.9200 -1.2614371
706.1200 -1.0644522
739.6600 -1.1928442
756.8600 -1.1770150
774.0600 -1.0785226
807.6000 -1.1224924
824.8000 -1.1506331
842.0000 -1.0644522
892.7400 -1.0521407
909.9400 -1.0503819
960.6800 -1.0099296
977.8800 -1.0081708
995.8000 -0.9237487
1.0122800 -0.7549045
1.0294800 -0.6142010



