0.25  2.57  2.65  2.57  2.69  2.61  2.73  2.37  2.69
0.50  2.57  2.61  2.57  2.61  2.57  2.65  2.33  2.61
0.10  2.57  2.61  2.61  2.69  2.57  2.61  2.33  2.65
0.50  2.61  2.69  2.61  2.65  2.57  2.65  2.33  2.61
1.00  2.61  2.69  2.61  2.69  2.57  2.65  2.37  2.69
5.00  2.57  2.65  2.53  2.61  2.57  2.69  2.13  3.10
10.00 2.92  3.02  2.97  2.97  2.97  2.97  2.17  3.78
15.00 3.38  3.42  3.38  3.42  3.38  3.42  2.09  4.38
20.00 2.05  2.09  2.01  2.05  2.09  2.09  1.25  3.18
50.00 1.51  1.57  1.57  1.61  1.55  1.61  0.50  2.81
75.00 1.57  1.65  1.63  1.67  1.57  1.63  0.32  2.25
100.00  1.59  1.69  1.53  1.63  1.53  1.69  0.19  2.05
200.00  1.53  1.77  1.53  1.71  1.49  1.73  0.14  1.81
300.00  1.43  1.87  1.57  1.83  1.55  1.83  0.12  1.75
500.00  1.39  2.13  1.71  2.11  1.61  2.13  0.10  2.09
1000.00 0.98  2.25  1.45  2.25  1.21  2.25  0.04  2.37
2000.00 0.56  2.37  0.88  2.21  0.72  2.25  0.02  2.41
5000.00 0.19  2.33  0.33  2.17  0.26  2.25  1 1
10000.00  0.09  2.14  0.17  1.97  0.12  2.06  1 1
